Data from test.root, Units: degrees
Theta   uTheta  Phi     uPhi    Yield   uYield  
 ------- ------- ------- ------- ------- -------
  -0.942   0.086   1.363   1.141   781.0    27.9
  -0.940   0.094   1.401   1.059   921.0    30.3
  -0.927   0.105  25.106  88.453  1186.0    34.4
  -0.907   0.131  18.789  76.294  1477.0    38.4
  -0.902   0.099   1.538   0.909  1810.0    42.5
  -0.882   0.121   1.570   0.833  2326.0    48.2
  -0.865   0.114   1.595   0.787  2828.0    53.2
  -0.836   0.138  11.370  58.000  3495.0    59.1
  -0.814   0.125   1.627   0.691  4126.0    64.2
  -0.777   0.141   1.638   0.679  5053.0    71.1
  -0.741   0.137   5.398  36.175  5863.0    76.6
  -0.699   0.153   1.651   0.608  6776.0    82.3
  -0.645   0.165   1.667   0.590  7887.0    88.8
  -0.595   0.173   1.672   0.551  8606.0    92.8
  -0.534   0.181   1.651   0.509  8093.0    90.0
  -0.468   0.186   1.634   0.450  7543.0    86.9
   0.856   0.129 232.973   0.657  3804.0    61.7
   0.820   0.140 238.451 169.727  5000.0    70.7
   0.778   0.142 236.242 170.490  6489.0    80.6
   0.724   0.165 232.966 171.549  7979.0    89.3
   0.659   0.176 236.506 170.435  9992.0   100.0
   0.592   0.192 232.342 171.774 11630.0   107.8
   0.509   0.206  -0.197   0.481 13256.0   115.1
   0.421   0.216  -0.190   0.467 13771.0   117.3
   0.331   0.221 241.323 168.801 13868.0   117.8
   0.235   0.224  -0.206   0.450 13224.0   115.0
   0.136   0.218  -0.220   0.434 11603.0   107.7
   0.041   0.215  -0.238   0.427 10105.0   100.5
  -0.044   0.207  -0.263   0.411  8140.0    90.2
  -0.131   0.202  -0.275   0.399  6409.0    80.1
  -0.218   0.196  -0.237   0.362  4430.0    66.6
  -0.288   0.195  -0.219   0.338  2928.0    54.1
  -0.939   0.101   0.090   2.582   707.0    26.6
  -0.935   0.084   0.009   2.603   896.0    29.9
  -0.917   0.111   0.024   2.629  1096.0    33.1
  -0.909   0.106 174.472   2.635  1439.0    37.9
  -0.892   0.126 170.175 177.163  1787.0    42.3
  -0.874   0.116   0.190   2.670  2226.0    47.2
  -0.851   0.124   0.249   2.686  2684.0    51.8
  -0.826   0.131 161.255 176.362  3222.0    56.8
  -0.800   0.121   0.340   2.689  3818.0    61.8
  -0.760   0.143   0.384   2.695  4619.0    68.0
  -0.723   0.144   0.426   2.704  5353.0    73.2
  -0.679   0.151   0.517   2.688  6142.0    78.4
  -0.626   0.155   0.550   2.695  7003.0    83.7
  -0.575   0.166   0.552   2.711  7243.0    85.1
  -0.516   0.172   0.453   2.771  6955.0    83.4
  -0.450   0.180   0.365   2.827  6227.0    78.9
   0.837   0.134 350.997  51.241  3853.0    62.1
   0.795   0.149 352.589  45.576  4955.0    70.4
   0.749   0.154 354.204  38.990  6310.0    79.4
   0.694   0.170  -1.459   0.543  7725.0    87.9
   0.633   0.179 355.530  32.554  9558.0    97.8
   0.563   0.192  -1.449   0.496 10771.0   103.8
   0.481   0.208  -1.442   0.463 11867.0   108.9
   0.400   0.211  -1.433   0.472 12359.0   111.2
   0.308   0.218  -1.431   0.439 12117.0   110.1
   0.220   0.219  -1.420   0.437 11761.0   108.4
   0.126   0.217  -1.390   0.421 10465.0   102.3
   0.033   0.214  -1.359   0.409  9096.0    95.4
  -0.049   0.205  -1.339   0.389  7368.0    85.8
  -0.133   0.196  -1.320   0.372  5655.0    75.2
  -0.212   0.195  -1.360   0.329  3924.0    62.6
  -0.293   0.182  -1.396   0.333  2507.0    50.1
