   0.856   0.129 232.973   0.657  3804.0    61.7
   0.820   0.140 238.451 169.727  5000.0    70.7
   0.778   0.142 236.242 170.490  6489.0    80.6
   0.724   0.165 232.966 171.549  7979.0    89.3
   0.659   0.176 236.506 170.435  9992.0   100.0
   0.592   0.192 232.342 171.774 11630.0   107.8
   0.509   0.206  -0.197   0.481 13256.0   115.1
   0.421   0.216  -0.190   0.467 13771.0   117.3
   0.331   0.221 241.323 168.801 13868.0   117.8
   0.235   0.224  -0.206   0.450 13224.0   115.0
   0.136   0.218  -0.220   0.434 11603.0   107.7
   0.041   0.215  -0.238   0.427 10105.0   100.5
  -0.044   0.207  -0.263   0.411  8140.0    90.2
  -0.131   0.202  -0.275   0.399  6409.0    80.1
  -0.218   0.196  -0.237   0.362  4430.0    66.6
  -0.288   0.195  -0.219   0.338  2928.0    54.1
