   0.837   0.134 350.997  51.241  3853.0    62.1
   0.795   0.149 352.589  45.576  4955.0    70.4
   0.749   0.154 354.204  38.990  6310.0    79.4
   0.694   0.170  -1.459   0.543  7725.0    87.9
   0.633   0.179 355.530  32.554  9558.0    97.8
   0.563   0.192  -1.449   0.496 10771.0   103.8
   0.481   0.208  -1.442   0.463 11867.0   108.9
   0.400   0.211  -1.433   0.472 12359.0   111.2
   0.308   0.218  -1.431   0.439 12117.0   110.1
   0.220   0.219  -1.420   0.437 11761.0   108.4
   0.126   0.217  -1.390   0.421 10465.0   102.3
   0.033   0.214  -1.359   0.409  9096.0    95.4
  -0.049   0.205  -1.339   0.389  7368.0    85.8
  -0.133   0.196  -1.320   0.372  5655.0    75.2
  -0.212   0.195  -1.360   0.329  3924.0    62.6
  -0.293   0.182  -1.396   0.333  2507.0    50.1
