  -0.942   0.086   1.363   1.141   781.0    27.9
  -0.940   0.094   1.401   1.059   921.0    30.3
  -0.927   0.105  25.106  88.453  1186.0    34.4
  -0.907   0.131  18.789  76.294  1477.0    38.4
  -0.902   0.099   1.538   0.909  1810.0    42.5
  -0.882   0.121   1.570   0.833  2326.0    48.2
  -0.865   0.114   1.595   0.787  2828.0    53.2
  -0.836   0.138  11.370  58.000  3495.0    59.1
  -0.814   0.125   1.627   0.691  4126.0    64.2
  -0.777   0.141   1.638   0.679  5053.0    71.1
  -0.741   0.137   5.398  36.175  5863.0    76.6
  -0.699   0.153   1.651   0.608  6776.0    82.3
  -0.645   0.165   1.667   0.590  7887.0    88.8
  -0.595   0.173   1.672   0.551  8606.0    92.8
  -0.534   0.181   1.651   0.509  8093.0    90.0
  -0.468   0.186   1.634   0.450  7543.0    86.9
