  -0.939   0.101   0.090   2.582   707.0    26.6
  -0.935   0.084   0.009   2.603   896.0    29.9
  -0.917   0.111   0.024   2.629  1096.0    33.1
  -0.909   0.106 174.472   2.635  1439.0    37.9
  -0.892   0.126 170.175 177.163  1787.0    42.3
  -0.874   0.116   0.190   2.670  2226.0    47.2
  -0.851   0.124   0.249   2.686  2684.0    51.8
  -0.826   0.131 161.255 176.362  3222.0    56.8
  -0.800   0.121   0.340   2.689  3818.0    61.8
  -0.760   0.143   0.384   2.695  4619.0    68.0
  -0.723   0.144   0.426   2.704  5353.0    73.2
  -0.679   0.151   0.517   2.688  6142.0    78.4
  -0.626   0.155   0.550   2.695  7003.0    83.7
  -0.575   0.166   0.552   2.711  7243.0    85.1
  -0.516   0.172   0.453   2.771  6955.0    83.4
  -0.450   0.180   0.365   2.827  6227.0    78.9
