Data from test.root, Units: degrees
FracSolAng    uFracSolAng   
------------------------------
1.958e-03     6.378e-05     
2.251e-03     6.839e-05     
2.961e-03     7.845e-05     
3.689e-03     8.755e-05     
4.497e-03     9.667e-05     
5.702e-03     1.089e-04     
7.039e-03     1.209e-04     
8.593e-03     1.336e-04     
1.027e-02     1.461e-04     
1.253e-02     1.614e-04     
1.458e-02     1.741e-04     
1.683e-02     1.870e-04     
1.964e-02     2.021e-04     
2.125e-02     2.101e-04     
2.024e-02     2.051e-04     
1.879e-02     1.976e-04     
9.308e-03     1.391e-04     
1.237e-02     1.603e-04     
1.612e-02     1.830e-04     
1.987e-02     2.032e-04     
2.479e-02     2.270e-04     
2.887e-02     2.450e-04     
3.274e-02     2.608e-04     
3.439e-02     2.673e-04     
3.435e-02     2.672e-04     
3.277e-02     2.610e-04     
2.881e-02     2.447e-04     
2.506e-02     2.282e-04     
2.029e-02     2.054e-04     
1.596e-02     1.821e-04     
1.102e-02     1.514e-04     
7.303e-03     1.232e-04     
1.754e-03     6.037e-05     
2.238e-03     6.820e-05     
2.743e-03     7.550e-05     
3.508e-03     8.538e-05     
4.433e-03     9.598e-05     
5.468e-03     1.066e-04     
6.679e-03     1.178e-04     
7.928e-03     1.284e-04     
9.424e-03     1.399e-04     
1.144e-02     1.542e-04     
1.339e-02     1.668e-04     
1.530e-02     1.783e-04     
1.722e-02     1.891e-04     
1.791e-02     1.929e-04     
1.723e-02     1.892e-04     
1.532e-02     1.784e-04     
9.522e-03     1.407e-04     
1.241e-02     1.606e-04     
1.549e-02     1.794e-04     
1.924e-02     2.000e-04     
2.354e-02     2.212e-04     
2.678e-02     2.359e-04     
2.942e-02     2.473e-04     
3.061e-02     2.522e-04     
3.033e-02     2.511e-04     
2.927e-02     2.466e-04     
2.602e-02     2.326e-04     
2.248e-02     2.161e-04     
1.818e-02     1.944e-04     
1.406e-02     1.709e-04     
9.657e-03     1.417e-04     
6.158e-03     1.131e-04     
