JamesRandom-begin
Uvec
2226355706
1072125178
3758096384
1068607176
0
1070871998
3221225472
1069762238
0
1071995286
1610612736
1071739624
1610612736
1067737252
0
1072599472
536870912
1070564573
2147483648
1072362365
3221225472
1072625216
2147483648
1072325384
2684354560
1071184141
1073741824
1065654280
0
1072438165
536870912
1072070813
2684354560
1068138324
0
1070277777
0
1069657113
2147483648
1070861820
2147483648
1071284431
1073741824
1072463449
536870912
1068022992
0
1071375571
0
1072409942
3221225472
1071674252
0
1069616398
0
1071201688
2147483648
1072685658
3221225472
1072147292
3758096384
1072590313
1073741824
1072168056
3758096384
1071667836
3758096384
1072156579
3221225472
1068114380
0
1071819461
0
1072406385
536870912
1072369024
3221225472
1072148086
2684354560
1069471653
0
1068904439
0
1072596952
3758096384
1072370495
536870912
1071317322
1073741824
1072035187
0
1070663531
3221225472
1071293888
0
1072560353
1610612736
1072443303
536870912
1070189866
0
1072098863
1610612736
1070587415
0
1072242297
2147483648
1071857917
2147483648
1071128232
1073741824
1070364603
0
1070735149
3221225472
1070140985
2147483648
1071009427
0
1072370060
1610612736
1070225753
2147483648
1070017749
0
1072692243
536870912
1071637820
2147483648
1070078778
2147483648
1072571581
2147483648
1072291785
3221225472
1071382758
1073741824
1067611988
0
1071460576
1073741824
1069999730
2147483648
1071809253
2684354560
1072141943
3221225472
1071660658
1610612736
1072255730
1073741824
1072503413
1073741824
1072009659
1073741824
1069939663
2147483648
1070882295
2147483648
1072252379
536870912
1066493508
0
1069344057
0
1072517512
3758096384
1072357702
1610612736
1072166630
1610612736
1070970868
2147483648
1072112404
1610612736
1070714598
2147483648
1071591374
3221225472
1072258808
0
1071682143
0
1071361524
1073741824
1072598713
3221225472
1068471460
0
1072221618
1610612736
1070311657
2147483648
1072448287
2684354560
1071826605
2684354560
1071461100
1073741824
1072693247
2684354560
44
