JamesRandom-begin
Uvec
2226355706
1069652288
0
1070751544
3221225472
1072428104
0
1066964720
0
1071184565
1073741824
1072553685
1073741824
1070996946
2147483648
1070272863
2147483648
1071206758
3221225472
1064696848
0
1070838212
3221225472
1071388598
0
1071031539
0
1071681765
2147483648
1072428477
3221225472
1071762222
3758096384
1072497295
536870912
1072380609
1073741824
1071603842
0
1067141136
0
1071782297
0
1069307156
0
1070837929
2147483648
1070980706
3221225472
1067274644
0
1071408240
2147483648
1071970490
536870912
1071296126
0
1070971065
0
1071161454
1073741824
1072553268
0
1069647555
2147483648
1070931462
3221225472
1070206577
0
1071307732
1073741824
1069200977
0
1072486718
1073741824
1071728161
536870912
1067469276
0
1070788017
0
1072160825
0
1071346404
0
1072438580
1610612736
1071989257
0
1071918699
1073741824
1070228532
2147483648
1071360912
1073741824
1070728666
3221225472
1066052984
0
1072227265
536870912
1071825318
3221225472
1071812348
2147483648
1072653187
1610612736
1071114863
2147483648
1072669545
3758096384
1071713213
2147483648
1071714065
3221225472
1071096094
3221225472
1071607349
3221225472
1067693334
0
1070543054
2147483648
1071996339
536870912
1072222257
3758096384
1071210341
0
1071925760
1610612736
1072008889
0
1071064127
2147483648
1068612699
0
1072385574
3221225472
1072485481
1073741824
1072449311
3758096384
1071039806
0
1070887285
1073741824
1072483301
3758096384
1071881096
3758096384
1072163235
0
1071902435
1610612736
1071723288
2684354560
1071442379
3221225472
1071203253
0
1070016325
0
1067996810
0
1070416953
2147483648
1072662346
3221225472
1063395104
0
1072453256
0
1071170168
2147483648
1072540697
1073741824
1071317040
3221225472
1070271786
0
1070140080
0
1071928187
1073741824
1072410587
3221225472
1070226762
2147483648
1070974858
1073741824
1071796277
2147483648
1070977075
3221225472
1069088218
0
1071461100
1073741824
1072693247
2684354560
74
