JamesRandom-begin
Uvec
2226355706
1067989992
0
1070549224
2147483648
1072234873
2684354560
1069065344
0
1071113666
3221225472
1072195332
0
1069576589
0
1070851501
2147483648
1072622130
1610612736
1071602920
1073741824
1072075829
1073741824
1071466773
2147483648
1071419127
2147483648
1070707285
2147483648
1072449017
1073741824
1072011403
2147483648
1069746491
0
1070924846
0
1072168436
2684354560
1072676869
536870912
1071053527
0
1072121261
0
1072460528
536870912
1072214984
0
1072069079
2684354560
1072233592
2147483648
1070609280
3221225472
1066169272
0
1071497376
2147483648
1070620057
1073741824
1069597697
2147483648
1070254331
2147483648
1064839984
0
1069149816
0
1070905014
2147483648
1072180168
2684354560
1069586789
0
1071721506
2147483648
1071738245
2147483648
1072556820
1073741824
1072513520
1073741824
1072232036
2684354560
1070348474
0
1072045629
2147483648
1072044876
0
1071785052
2684354560
1071908993
1610612736
1071399763
2147483648
1071773796
2684354560
1069673162
0
1072390241
2147483648
1070087851
2147483648
1072508976
0
1071541603
1073741824
1068368306
0
1072296139
2684354560
1071050604
3221225472
1071724672
2147483648
1072607665
1610612736
1072578204
1073741824
1071356259
0
1069887214
0
1072004212
2147483648
1072457594
0
1069939035
0
1069861052
2147483648
1070789536
0
1072637937
0
1071002322
3221225472
1069117060
0
1072298369
1073741824
1072182089
3758096384
1070901071
0
1071852071
1073741824
1072173854
2147483648
1070253730
2147483648
1069995590
2147483648
1072168480
1610612736
1071252485
1073741824
1072266709
3758096384
1071838648
3758096384
1072159782
2147483648
1072515903
2147483648
1072634940
3221225472
1072692060
3221225472
1072021137
1610612736
1071433853
2147483648
1070825362
3221225472
1066727292
0
1072359430
0
1067755386
0
1071911134
536870912
1072213556
2147483648
1070702869
2147483648
1072259614
0
1072019967
1073741824
1070499938
0
1071787318
536870912
1071461100
1073741824
1072693247
2684354560
32
