JamesRandom-begin
Uvec
2226355706
1072423985
0
1071500230
0
1072186913
1073741824
1071640521
2147483648
1069758782
0
1067602628
0
1068667925
0
1072384036
3758096384
1070760839
0
1068497836
0
1071528541
2147483648
1067969826
0
1071396679
0
1068315768
0
1072616495
1610612736
1069705745
0
1070687362
3221225472
1067788044
0
1072120134
536870912
1071970871
0
1070400640
2147483648
1071042071
0
1067702426
0
1071697113
2684354560
1071101827
3221225472
1069459713
0
1070244369
0
1072302924
2684354560
1069435336
0
1066789164
0
1070061520
2147483648
1070788191
0
1071008757
1073741824
1070473536
2147483648
1072665218
0
1071988718
536870912
1072324915
1073741824
1068238806
0
1066178048
0
1072504445
2684354560
1071828665
2147483648
1072081366
2147483648
1072475435
0
1071353520
0
1070928163
2147483648
1071081612
1073741824
1071908326
3758096384
1070090738
2147483648
1071810443
3758096384
1068551643
0
1071469256
2147483648
1072238805
0
1068360614
0
1069865708
0
1071664476
1610612736
1071968986
1610612736
1072464799
3221225472
1071967749
1073741824
1070823001
2147483648
1068545335
0
1067500124
0
1072533309
2684354560
1071824169
536870912
1069883544
2147483648
1072447501
3221225472
1071009431
3221225472
1069711987
0
1071346566
2147483648
1069106389
0
1071527946
1073741824
1070735286
3221225472
1072601156
2684354560
1071969851
1073741824
1070996438
2147483648
1069764712
0
1070053365
0
1071361980
1073741824
1071206486
1073741824
1072516192
1073741824
1070422900
0
1072420323
3758096384
1072505556
1073741824
1072009373
536870912
1071798190
3758096384
1072293061
0
1072591753
2684354560
1070655603
1073741824
1072240753
536870912
1067524336
0
1068296968
0
1071394940
2147483648
1069285062
0
1070992108
0
1071312436
1073741824
1072515984
3758096384
1072270085
2147483648
1071724528
3758096384
1071820153
2684354560
1071461100
1073741824
1072693247
2684354560
1
