JamesRandom-begin
Uvec
2226355706
1071168135
1073741824
1071689309
1610612736
1072637726
1610612736
1072605897
2684354560
1071972540
1610612736
1072427132
3758096384
1071069906
2147483648
1072198104
2684354560
1071901296
1073741824
1071532180
1073741824
1071028302
0
1069943748
0
1072546333
3221225472
1072471614
2147483648
1071003072
0
1070447789
0
1071807403
3758096384
1069412534
0
1072181523
1610612736
1070717206
3221225472
1072306972
1610612736
1070637679
3221225472
1069586704
2147483648
1070729846
3221225472
1072264389
0
1066857140
0
1072293886
1073741824
1072028138
2147483648
1072567990
3758096384
1071861897
1610612736
1071104575
1073741824
1072240856
2147483648
1071746123
3221225472
1072354313
0
1072582055
536870912
1071458580
3221225472
1069793166
2147483648
1072314364
0
1071589600
3221225472
1071223521
3221225472
1072292507
2147483648
1070604130
1073741824
1072602846
3221225472
1072007084
3758096384
1068739319
0
1071803977
2684354560
1072640236
1610612736
1072240057
536870912
1072332130
3758096384
1072168163
0
1070070615
0
1069308343
0
1069474321
0
1068826280
0
1070736310
1073741824
1071843298
3758096384
1072373693
3758096384
1072679807
536870912
1070338233
0
1072082505
0
1070124534
2147483648
1071882222
0
1072032137
1073741824
1068886421
0
1072652168
3758096384
1072245740
536870912
1071122050
0
1071983759
536870912
1071585673
2147483648
1071806307
2684354560
1070713228
0
1071835038
3221225472
1071055626
2147483648
1072123384
1073741824
1072389779
2147483648
1072607638
2147483648
1072339344
2147483648
1072310943
1073741824
1071953240
2684354560
1072691515
2684354560
1070736010
1073741824
1072282083
3758096384
1072011873
1610612736
1069890302
2147483648
1070806540
2147483648
1071781444
2684354560
1072361204
1073741824
1072577549
536870912
1071937103
1073741824
1069837065
2147483648
1071872567
1610612736
1071742546
3221225472
1070850312
3221225472
1070698240
3221225472
1071509348
3221225472
1070005046
2147483648
1071962764
2684354560
1070088822
0
1071461100
1073741824
1072693247
2684354560
49
