JamesRandom-begin
Uvec
2226355706
1072567407
1610612736
1071767725
3221225472
1072443436
3758096384
1070249255
0
1070633174
0
1069505624
0
1071354012
3221225472
1071073057
3221225472
1072130686
1073741824
1072583211
2147483648
1070075660
2147483648
1072261815
536870912
1071808217
0
1071695434
2147483648
1069915139
2147483648
1066207008
0
1072366152
536870912
1069475947
0
1072332130
2147483648
1070670570
0
1071798529
3221225472
1072247468
0
1071736515
3221225472
1072467066
0
1070940800
0
1072171260
1073741824
1072181436
0
1072189127
3758096384
1072603367
3221225472
1066430468
0
1071118715
0
1072567379
1610612736
1067531492
0
1071369944
1073741824
1071038214
0
1072155281
3758096384
1072323112
536870912
1072118899
3221225472
1070655127
3221225472
1070002108
0
1072492503
1073741824
1072674694
1610612736
1072040735
2147483648
1071770787
0
1070764679
2147483648
1072509852
2147483648
1069853551
0
1071759938
1610612736
1072048331
0
1072295076
1073741824
1071404247
1073741824
1072098011
3758096384
1072632906
3221225472
1070990220
2147483648
1071681772
1610612736
1071500625
0
1068704310
0
1072041326
0
1070091070
0
1071808569
3758096384
1071350390
3221225472
1071910243
3758096384
1071750170
0
1072017711
1073741824
1072429659
2684354560
1067887360
0
1069226797
0
1071558981
3221225472
1072181126
1610612736
1068659527
0
1070123829
0
1070588758
0
1070139036
2147483648
1070470826
2147483648
1071627557
3221225472
1072089014
2147483648
1072006201
3758096384
1072501259
536870912
1068206374
0
1072523508
3221225472
1072151979
2684354560
1072249396
536870912
1068237456
0
1070974138
0
1069869770
0
1071924577
2684354560
1072244014
3221225472
1070822605
2147483648
1072613099
1073741824
1072391317
3221225472
1071488205
2147483648
1072298330
536870912
1068655003
0
1071770873
2147483648
1072480401
2684354560
1070209435
2147483648
1070841632
0
1070936793
1073741824
1071461100
1073741824
1072693247
2684354560
41
