JamesRandom-begin
Uvec
2226355706
1072246781
3758096384
1066703024
0
1071731427
3221225472
1072263750
1073741824
1072655208
2147483648
1072011948
2684354560
1070796952
3221225472
1072058463
1610612736
1071897091
1610612736
1072410036
536870912
1070986233
3221225472
1072339379
2684354560
1071834768
0
1071858428
3221225472
1066929852
0
1072310608
3758096384
1072487277
3758096384
1072413301
0
1071464340
1073741824
1071471966
3221225472
1069931808
0
1070664549
0
1070077779
0
1070446681
2147483648
1069248316
0
1067712798
0
1070093824
0
1072149019
1073741824
1070898106
1073741824
1068208494
0
1072512913
2684354560
1071673334
0
1071207898
3221225472
1072672328
3221225472
1071823971
3221225472
1071031714
1073741824
1072245079
2684354560
1072415781
0
1070601836
3221225472
1072183048
536870912
1068459104
0
1070396109
2147483648
1071534841
2147483648
1072184807
2147483648
1072348582
536870912
1068840592
0
1072618315
2147483648
1072648300
1073741824
1070887060
1073741824
1072226213
536870912
1072658412
536870912
1071735843
3758096384
1071652958
1610612736
1070678857
2147483648
1070879610
2147483648
1072170398
2147483648
1072362347
2147483648
1071155948
0
1072342442
1610612736
1071520436
2147483648
1072454015
1073741824
1069233799
0
1071890505
2147483648
1071692493
1073741824
1071014470
1073741824
1071592872
2147483648
1072577136
1073741824
1072633057
1610612736
1071939519
1073741824
1070456698
0
1072340961
3221225472
1071018376
1073741824
1072217745
0
1069893769
0
1072087401
536870912
1071796167
3758096384
1070812191
1073741824
1072405377
536870912
1070127197
0
1072468757
2684354560
1070760537
2147483648
1071406268
3221225472
1071990262
2147483648
1066219920
0
1067790750
0
1070896558
3221225472
1072301870
2684354560
1072369845
2684354560
1070575267
0
1071966513
2684354560
1071917327
1610612736
1072229701
3221225472
1072314934
2684354560
1071488367
2147483648
1072400441
0
1071602088
3221225472
1071564280
2147483648
1065586624
0
1071461100
1073741824
1072693247
2684354560
94
