JamesRandom-begin
Uvec
2226355706
1072350162
1610612736
1072203223
1073741824
1072128628
3221225472
1070866807
1073741824
1072561280
2684354560
1072084702
1610612736
1071053962
2147483648
1070460794
0
1071776522
2684354560
1068183206
0
1072522612
3221225472
1071451299
3221225472
1071088387
0
1068780623
0
1070130517
0
1071572972
0
1070556209
0
1071683645
2147483648
1069322266
0
1072555737
3221225472
1070851508
1073741824
1071159545
1073741824
1071924709
1610612736
1067520930
0
1071463810
1073741824
1068546032
0
1072524652
3758096384
1067229524
0
1071151182
0
1072345460
3758096384
1070869339
0
1071599282
1073741824
1069998743
0
1071222476
0
1072214907
0
1071756500
3758096384
1071372524
1073741824
1071979252
1073741824
1066535992
0
1071669129
3221225472
1072335251
2147483648
1070241598
2147483648
1071383899
3221225472
1072038415
0
1070728052
0
1071380372
3221225472
1070143561
0
1071078514
0
1071103460
1073741824
1070977958
1073741824
1071892014
2147483648
1067575278
0
1072533097
2684354560
1072504895
536870912
1072508714
3758096384
1071810294
3221225472
1070577949
0
1069341225
0
1072295875
0
1070172482
0
1071842610
0
1072317090
2684354560
1070812028
3221225472
1067135812
0
1071583802
1073741824
1072237218
2684354560
1070850289
1073741824
1070782545
3221225472
1071726143
1610612736
1070309551
0
1072550019
1073741824
1072356059
2684354560
1071593032
0
1072200646
2684354560
1068849202
0
1069649918
2147483648
1071192998
2147483648
1071435976
1073741824
1071709437
3221225472
1071721528
0
1071597042
3221225472
1072623096
1610612736
1072195397
2684354560
1071365179
3221225472
1070225358
2147483648
1071317258
0
1071365500
1073741824
1070383062
2147483648
1072127331
0
1067571478
0
1071679184
1073741824
1070829403
3221225472
1072299356
2684354560
1070640543
0
1069111249
0
1071326647
0
1068811430
0
1072451943
3221225472
1071461100
1073741824
1072693247
2684354560
12
