JamesRandom-begin
Uvec
2226355706
1071903218
0
1071944002
1073741824
1070706303
3221225472
1071270387
0
1069754445
0
1072228375
2147483648
1070848378
0
1070972295
2147483648
1070143467
2147483648
1072518587
2147483648
1072692334
3221225472
1072258188
536870912
1067823780
0
1070619815
1073741824
1072553509
2684354560
1071847158
3758096384
1070925124
2147483648
1072470317
1073741824
1071712518
0
1069883233
0
1072271808
3758096384
1072626823
2684354560
1072468149
2147483648
1067083648
0
1071825366
0
1072085836
2147483648
1071765184
3221225472
1071934156
2147483648
1071798356
536870912
1072041747
2147483648
1069702108
0
1068494000
0
1071672019
1610612736
1070015695
2147483648
1071309695
1073741824
1071996811
3758096384
1070869262
0
1070094286
0
1072127767
3758096384
1071406745
3221225472
1070572949
2147483648
1070631901
1073741824
1071035740
0
1068579815
0
1072539380
3221225472
1071951001
0
1071364974
3221225472
1071297205
2147483648
1069968019
2147483648
1072212925
3221225472
1072668090
536870912
1072564601
3758096384
1072045385
2684354560
1071870801
3758096384
1072248823
1073741824
1071213929
2147483648
1070356323
2147483648
1071070274
1073741824
1071959055
2147483648
1071652138
536870912
1070599991
0
1066849460
0
1063043200
0
1071771271
0
1070831131
1073741824
1072354302
536870912
1071932847
3221225472
1071041567
0
1072267744
1610612736
1070285049
2147483648
1071948138
3758096384
1071894622
3758096384
1071430667
0
1072084205
1610612736
1071741241
0
1070846057
1073741824
1071983146
3758096384
1071337818
3221225472
1072307291
0
1072636989
2147483648
1071744260
2684354560
1071819652
1073741824
1069045081
0
1072613007
0
1072241596
3758096384
1071831062
1073741824
1072008488
2684354560
1071729334
0
1071589717
0
1072311525
2684354560
1072665041
2684354560
1071773541
2147483648
1071173076
2147483648
1071298235
0
1068101414
0
1072138626
2684354560
1068274934
0
1069192161
0
1071461100
1073741824
1072693247
2684354560
62
