JamesRandom-begin
Uvec
2226355706
1071654269
0
1070909042
1073741824
1072152459
2684354560
1072360933
1610612736
1071856843
3221225472
1071716903
3221225472
1070479816
0
1071974678
536870912
1070123316
0
1072556003
2684354560
1069564547
0
1066441400
0
1072455321
1610612736
1072491508
2684354560
1072078923
2684354560
1069609206
2147483648
1072322149
1610612736
1070930142
3221225472
1066378024
0
1071339218
2147483648
1071827738
3221225472
1072639262
3221225472
1072108689
1073741824
1070628999
1073741824
1071918426
3758096384
1069398811
0
1067517810
0
1072222372
3221225472
1069544908
0
1071633589
3221225472
1070866967
0
1072269731
536870912
1071725847
2684354560
1070747729
3221225472
1070120275
2147483648
1071048368
1073741824
1071559523
2147483648
1071812106
3758096384
1071402824
3221225472
1071650841
0
1072565602
2684354560
1070418884
0
1068497210
0
1071687039
3758096384
1070285772
2147483648
1071947661
1610612736
1071657666
536870912
1072492382
1610612736
1070127551
2147483648
1071458411
1073741824
1071858800
1073741824
1072084683
0
1070856347
2147483648
1071781212
1610612736
1071799131
0
1070986040
0
1072395639
2684354560
1072461138
1073741824
1071183929
1073741824
1072036060
3758096384
1072363437
0
1070735416
2147483648
1068782359
0
1072142658
1610612736
1069024864
0
1071992174
2684354560
1070584924
0
1072174564
3221225472
1068927566
0
1071915359
1610612736
1072227580
3758096384
1072657933
2147483648
1068621871
0
1071994189
2147483648
1071617182
3221225472
1070247508
2147483648
1072518779
536870912
1071594413
2147483648
1072143652
1610612736
1072246429
2684354560
1071081597
1073741824
1071376295
3221225472
1071238088
2147483648
1071354689
1073741824
1071138731
0
1071057243
2147483648
1070005849
2147483648
1071470255
2147483648
1071256985
2147483648
1072322291
2147483648
1071869803
2684354560
1071076815
2147483648
1072465114
1610612736
1072671884
2684354560
1070885994
3221225472
1068838030
0
1070141092
2147483648
1071647428
1610612736
1071461100
1073741824
1072693247
2684354560
61
