JamesRandom-begin
Uvec
2226355706
1072158101
536870912
1069575389
0
1072486657
2147483648
1070055954
0
1070901687
3221225472
1071249693
0
1070729913
0
1071931863
1073741824
1070150650
0
1071499192
1073741824
1070804433
3221225472
1072622297
2684354560
1072218433
536870912
1071927738
536870912
1071794909
2147483648
1072004147
536870912
1070398640
0
1071295646
2147483648
1070135052
2147483648
1072528092
2684354560
1072206714
3758096384
1069113583
0
1070090488
2147483648
1068770908
0
1069339430
0
1071481845
2147483648
1069414160
0
1072577562
536870912
1072417091
3758096384
1071894872
3758096384
1070853388
2147483648
1071817484
536870912
1071657337
536870912
1071868609
1073741824
1069141015
0
1071336243
3221225472
1071623719
0
1072186209
2147483648
1072180992
3758096384
1070886188
1073741824
1072497511
1610612736
1071472511
1073741824
1070293446
0
1070826019
0
1070124317
0
1072101936
536870912
1066993344
0
1072417832
3221225472
1071779528
1073741824
1072493051
1610612736
1069904756
2147483648
1069326231
0
1070719522
0
1071562617
0
1069453284
0
1072258671
0
1072418447
1073741824
1071435888
0
1070033140
0
1070373702
2147483648
1072278876
3758096384
1072030097
3758096384
1068899931
0
1069351691
0
1069119086
0
1070958862
3221225472
1071423844
0
1071810556
1610612736
1071508612
2147483648
1070474800
2147483648
1072616954
3221225472
1071044399
0
1069785426
0
1072231859
1610612736
1072468979
0
1072188639
1610612736
1071904737
1073741824
1070346978
2147483648
1071915480
1610612736
1072500105
0
1071218429
1073741824
1071263699
0
1072486816
1610612736
1072688929
3758096384
1071426321
1073741824
1072593858
3758096384
1069641762
2147483648
1071120085
0
1071082979
1073741824
1071249514
0
1071919745
536870912
1072230115
2684354560
1072308512
0
1070825205
2147483648
1072033148
2684354560
1072681941
2147483648
1072096666
2147483648
1071517808
0
1071461100
1073741824
1072693247
2684354560
18
