JamesRandom-begin
Uvec
2226355706
1072042051
1610612736
1070096231
2147483648
1071914832
536870912
1068214308
0
1070113597
0
1071114919
2147483648
1071665384
3221225472
1068591320
0
1071696973
2684354560
1071087098
1073741824
1071102696
3221225472
1071678253
2147483648
1072634251
3221225472
1070187564
2147483648
1070228799
0
1071801786
3758096384
1072035422
1073741824
1070656684
1073741824
1070126432
2147483648
1067681148
0
1071867593
2684354560
1072669601
2147483648
1071666457
1073741824
1072503100
2684354560
1072063341
0
1070165344
2147483648
1069551555
0
1071223865
2147483648
1070638973
2147483648
1071652221
3758096384
1072447578
1610612736
1069594373
2147483648
1068850492
0
1070861458
1073741824
1072141171
2684354560
1072690817
1073741824
1070471920
2147483648
1071536354
0
1072327425
536870912
1070270531
0
1072678969
1610612736
1071785750
3758096384
1069876077
0
1069378416
0
1072126702
2684354560
1071652394
1073741824
1072565241
3758096384
1066696532
0
1071043598
1073741824
1067556202
0
1069423825
0
1072209749
536870912
1071780873
0
1071896874
0
1070270006
2147483648
1070654810
1073741824
1069073753
0
1070480782
2147483648
1071451428
1073741824
1072029712
3758096384
1072136963
536870912
1070578191
0
1070605045
1073741824
1072062701
3221225472
1071303189
2147483648
1071390565
0
1072621322
2147483648
1072177781
1073741824
1071913344
1073741824
1069807204
0
1071650832
3221225472
1072234176
3221225472
1070679877
3221225472
1072411134
536870912
1072412301
1073741824
1072363850
536870912
1072075496
2684354560
1071303399
2147483648
1071091337
2147483648
1072561917
3758096384
1068715147
0
1067945080
0
1072171083
1073741824
1072449225
536870912
1071662577
3221225472
1069748222
0
1067367752
0
1071082140
2147483648
1070925380
3221225472
1070955594
3221225472
1070777291
3221225472
1071604825
0
1070932052
0
1071219289
2147483648
1070896435
3221225472
1070246475
2147483648
1072490605
1073741824
1072139621
3221225472
1071461100
1073741824
1072693247
2684354560
49
