JamesRandom-begin
Uvec
2226355706
1072034517
1073741824
1071716052
2684354560
1072639541
2684354560
1072141033
1073741824
1071184742
0
1072167872
1610612736
1066237568
0
1072533089
536870912
1072440470
2147483648
1069016556
0
1071047167
1073741824
1071973805
2147483648
1070228660
2147483648
1071471864
1073741824
1072061794
2684354560
1070884431
2147483648
1072166915
1610612736
1072209386
2147483648
1071599121
1073741824
1067535278
0
1070829307
2147483648
1072370236
536870912
1072362517
2684354560
1072372562
1610612736
1070794889
1073741824
1071501421
0
1072358901
1610612736
1072257038
3758096384
1067027104
0
1071534546
1073741824
1071797092
3221225472
1072429217
3758096384
1070432685
2147483648
1072496522
2147483648
1072195669
3221225472
1072282918
3758096384
1071809248
536870912
1072666806
1610612736
1071060158
1073741824
1071560525
2147483648
1072451436
1610612736
1067642854
0
1070597362
1073741824
1072468059
2147483648
1071347001
3221225472
1072199502
3758096384
1070727746
2147483648
1068846536
0
1072611993
536870912
1071072282
1073741824
1072075431
2684354560
1071073810
2147483648
1070553057
2147483648
1070676686
0
1071747463
3221225472
1072345683
3758096384
1071921571
0
1072639093
3758096384
1072646984
1610612736
1072146923
3758096384
1071679634
0
1071967930
1610612736
1070874356
0
1071439995
1073741824
1071940028
3221225472
1071900833
1610612736
1071204948
1073741824
1070041659
2147483648
1072194158
2684354560
1071907806
1610612736
1072335113
3221225472
1072275605
3758096384
1072590720
0
1071313761
3221225472
1069214702
0
1071961296
0
1070890433
0
1069518104
0
1070967831
3221225472
1072447059
3221225472
1072645232
536870912
1071869888
3758096384
1071847535
2147483648
1070975067
1073741824
1071356087
0
1072499517
2147483648
1070203319
0
1069024748
0
1072253496
0
1071499201
2147483648
1068453490
0
1066718196
0
1071183510
0
1072616238
1610612736
1066710464
0
1071891339
2684354560
1071467484
0
1072294762
0
1071461100
1073741824
1072693247
2684354560
39
